0.034526 56
1.199450 9
0.160966 18
0.172937 11
0.124723 15
0.129427 40
0.129812 63
0.187885 78
0.165746 48
0.593205 43
0.650154 75
1.836866 2
0.497953 56
14.362357 1
0.146060 1
0.223069 1
0.489623 1
2.252314 4
0.206858 1
0.437548 1
1.268527 2
0.001381 11
0.000511 56
1.372445 1
0.127514 1
0.321594 1
0.256239 1
0.748514 1
0.305304 1
0.701107 1
0.849342 1
0.207865 1
0.256399 1
0.705834 1
0.157606 1
0.495361 1
0.166757 2
0.003007 25
17.598393 28
12.219933 2
0.011307 37
0.000209 2
0.005709 56
44.839698 1
0.220222 1
0.192710 1
0.468277 1
0.125655 1
0.722543 2
0.001116 11
0.000437 56
0.619445 1
0.129105 1
0.466452 1
0.604561 1
0.286077 1
0.218350 1
0.669034 4
0.344527 1
0.810299 1
0.138830 1
0.821796 1
1.144433 2
0.013259 2
2.577271 1
0.187014 1
0.359831 1
0.177467 1
0.288620 1
0.291883 1
0.807917 2
0.003440 29
0.000081 2
0.000062 25
11.658003 2
0.004863 25
8.885845 28
6.856124 2
0.000075 85
41.362072 28
3.211984 2
0.044508 39
0.000050 2
4.585204 1
0.123175 1
0.323903 1
0.387594 1
0.099504 1
0.741945 2
0.003029 11
0.000091 2
6.897783 1
0.097421 1
0.725909 2
0.005299 10
3.880601 2
0.037786 56
241.039450 1
0.192417 1
0.245943 1
0.389076 1
0.076603 1
0.730945 2
0.001425 11
0.000529 56
2.056527 1
0.114815 1
2.969028 1
0.190393 1
1.320489 1
0.670521 1
2.131599 1
0.845945 1
1.249202 1
1.125265 1
0.163073 1
0.170514 1
0.164120 1
1.010805 1
29.573558 1
1.218320 1
1.304519 1
0.109655 1
0.872540 1
0.822330 1
0.175789 1
0.797533 1
0.632412 1
0.140127 1
0.316803 1
0.644037 2
0.061322 56
73.512064 1
0.366512 1
0.284120 1
0.447704 1
0.117654 1
0.722971 2
0.002221 11
0.000084 56
1.343170 1
0.126521 1
2.903347 1
0.139031 1
1.454568 1
1.195521 1
0.171562 1
0.408949 1
2.357967 1
1.422063 4
4.942173 1
0.558542 1
0.208892 1
0.509588 1
3.365281 1
0.116132 1
1.385110 1
8.812902 1
0.135210 1
8.022579 2
0.073776 56
2.559806 1
0.145336 1
0.349907 1
0.459956 1
0.113992 1
0.841210 2
0.001822 11
0.000327 56
4.509180 1
0.164297 1
2.499567 1
0.152721 1
0.270183 1
0.756325 1
0.368843 1
0.134405 1
0.921832 1
1.011993 1
0.900498 1
0.601864 1
3.933156 1
0.246880 1
0.417533 1
1.375175 1
0.114122 1
0.691480 1
0.902866 1
2.060490 1
3.900004 1
1.214814 1
0.228251 1
0.251087 1
3.213958 1
0.250687 1
0.210825 1
0.178514 1
2.040143 4
0.369444 1
0.417832 1
0.262272 1
2.368306 1
0.687568 1
0.406383 1
0.445983 1
11.507360 4
0.293519 4
1.566924 1
1.317359 1
5.730546 1
0.209991 1
0.185997 1
0.902166 1
0.149686 1
0.357190 1
0.292383 1
0.275019 1
0.221157 1
1.358504 1
0.232922 1
0.847024 1
2.015659 1
1.038458 1
0.266339 1
0.270962 1
2.178840 1
0.153281 1
0.381835 1
4.807600 2
0.339899 56
3.216683 1
0.105649 1
1.994037 1
0.160678 1
1.716328 1
1.410991 1
0.185316 1
0.458804 1
0.582422 1
0.156681 1
0.522247 1
2.236193 2
0.003965 40
0.000114 2
0.000070 51
0.000063 2
0.000101 1
0.000063 14
24.232466 2
0.000045 17
0.542332 2
0.000068 16
0.260138 2
0.000048 16
0.269869 2
0.000118 11
0.363668 2
0.059991 56
1.916445 1
0.152410 1
0.242518 1
0.594035 1
0.124637 1
17.025576 14
1.275700 54
2.853960 64
0.204374 18
0.971220 2
0.003490 11
0.000320 56
0.481484 5
0.452221 14
0.381847 54
7.664296 2
0.104914 56
99.315653 1
0.134542 1
0.220425 1
0.816192 1
0.122309 1
0.952079 2
0.001398 11
0.000523 56
8.202831 1
0.166259 1
0.182592 1
0.822125 1
0.167957 1
4.342502 1
0.185946 1
0.281621 1
1.683448 4
0.190962 4
0.554255 4
4.118835 1
0.107922 1
0.396370 1
0.699404 1
1.843341 1
0.594690 1
0.201106 1
0.263496 1
0.445343 1
0.475009 1
2.638552 1
0.584376 4
0.333283 1
0.203930 1
0.830720 1
0.721676 2
0.215313 74
0.001389 93
0.002036 106
0.000243 303
0.000514 30
1.808726 18
0.032156 18
0.024048 18
0.031431 6
0.000321 12
0.312538 18
0.013217 6
0.000157 12
0.010757 18
0.009265 6
0.000174 18
0.000186 12
0.000453 18
0.012696 18
0.000298 6
0.000148 24
0.000268 18
0.015193 18
0.000439 18
0.901681 18
0.504889 18
0.032473 18
0.031257 18
0.030765 18
0.031747 18
0.041216 18
0.031179 18
0.031103 18
0.033113 18
0.045568 18
0.034883 18
0.193486 18
0.196015 6
0.000192 12
0.168546 18
0.178979 18
0.376152 18
0.756483 18
0.219181 6
0.000122 12
0.216771 18
0.194015 18
0.233012 18
0.203313 18
10.727440 6
0.000248 173
0.000149 59
0.000479 126
0.004569 400
0.000615 950
2.190917 140
0.000267 119
0.016358 136
0.000162 93
0.025772 14
0.000948 18
0.001201 47
0.000356 58
0.000365 14
0.001466 14
0.000391 15
0.001626 99
0.625527 32
0.000282 173
0.013413 14
0.000124 18
0.000350 88
0.000667 81
0.007887 150
0.009894 14
0.000273 18
0.000845 96
0.000140 105
0.020592 14
0.000063 18
0.000868 15
0.000055 58
0.010628 47
0.000061 155
0.255581 170
0.000074 57
0.000577 14
0.023653 89
0.000131 56
0.010055 123
0.000034 47
0.001734 60
0.000118 106
0.009860 77
0.000315 75
0.008168 30
0.000117 222
0.019749 94
0.000047 78
0.000854 284
0.010688 30
0.000046 78
0.000390 74
0.000260 78
0.032716 30
0.000384 78
0.000579 78
0.000752 72
3.349174 2328
0.000083 11
0.000824 16
1.809439 18
0.016309 18
0.019952 18
3.051379 6
0.000091 12
0.000618 18
0.026671 6
0.000443 12
0.013050 6
0.000145 12
0.000646 18
0.015013 6
0.000114 12
2.736656 6
0.000338 30
0.000926 18
0.879484 6
0.000065 16
0.234061 6
0.000062 12
4.278102 6
0.000208 171
0.000372 24
3.438505 62
0.001006 56
2.406802 1
0.167211 1
0.283262 1
0.468981 1
0.092876 1
0.808448 2
0.002227 11
0.001186 56
0.700840 5
0.347960 23
0.555693 48
0.347712 56
0.485532 1
0.499407 1
0.031860 1
0.030515 1
0.032239 1
0.032295 1
0.031177 1
0.030401 1
0.029700 1
0.031084 1
0.031245 1
0.031350 1
0.031491 1
0.030234 1
0.031708 1
0.030902 1
0.030529 1
0.030334 1
0.030439 1
0.030046 1
0.040640 1
0.030952 1
0.051993 1
0.030004 1
0.203046 1
0.190730 1
0.175298 1
0.152383 1
0.500295 1
0.030389 1
0.030913 1
0.030456 1
0.030178 1
0.030551 1
0.030258 1
0.029993 1
0.031317 1
0.030119 1
0.031106 1
0.031210 1
0.031251 1
0.257647 3
0.222699 3
0.955101 5
0.330678 5
6.538146 3
0.503968 3
0.029824 3
0.030407 3
0.030802 3
0.032221 3
0.031851 3
0.641287 1
2.233652 5
1.032813 5
1.662385 3
0.500171 3
0.031760 3
0.029877 3
0.031908 3
0.032005 3
0.032230 3
0.030785 3
0.030887 3
0.032015 3
0.031264 3
0.030313 3
1.151177 3
0.500423 3
0.031372 3
0.030408 3
0.031018 3
0.031769 3
0.030905 3
0.277867 3
0.155300 3
0.213693 3
0.146614 3
0.147952 3
0.143258 3
0.367610 3
0.653230 19
0.496257 15
1.854597 17
0.627463 15
0.585281 15
1.446828 2
0.001830 27
0.000099 2
0.000086 29
0.000059 2
0.000056 2
0.000109 8
0.000067 2
0.000074 55
0.000057 2
0.000062 63
0.000056 2
0.000061 69
0.000059 2
0.000060 57
0.000057 2
0.000061 56
0.000057 2
0.000060 66
0.000057 2
0.000060 65
0.000057 2
0.000108 2
0.000304 56
41.453569 1
1.041476 1
1.158273 4
0.503962 1
0.528427 1
0.255951 1
0.306296 1
0.824100 2
0.001040 11
0.000404 56
1.038889 5
0.375086 59
1.175164 50
0.405147 23
0.446867 48
0.371259 56
13.019884 2
0.071790 56
2.083602 1
0.211403 1
1.468842 1
0.678901 1
0.387364 2
0.005298 111
5.181654 2
0.000100 19
0.351709 2
0.000115 25
0.523324 2
0.000060 25
0.536049 2
0.000010 17
10.550052 2
0.026089 56
7.170242 4
0.308029 49
1.302726 4
0.162531 4
0.158516 4
0.140797 4
0.135479 4
0.140727 4
0.152204 4
0.146022 4
1.271565 4
0.417201 4
1.165782 1
2.887655 2
0.013512 56
2.937189 44
1.245413 55
1.132847 2
0.003840 111
1.148013 2
0.000240 19
0.303251 2
0.000127 25
0.359195 2
0.000120 25
0.504157 2
0.000123 17
1.461663 2
0.045580 56
2.882448 1
0.169054 1
0.534537 1
0.319012 1
0.235896 1
1.620546 2
0.000999 11
0.000300 56
0.975385 5
0.371337 11
0.361586 40
3.474092 1
0.219155 1
2.004247 1
1.759522 2
0.002537 532
0.000555 56
7.062467 1
1.267034 1
0.643967 1
0.239245 1
0.224294 1
2.573392 2
0.001311 11
0.000642 56
0.430826 5
0.345048 50
1.776351 1
0.156882 1
0.910664 2
0.018421 56
2.509244 1
0.679486 1
0.535758 1
0.244565 1
0.224848 1
1.456360 2
0.001295 11
0.000349 56
0.318146 5
0.354447 52
0.849872 50
0.495889 50
1.076231 1
1.723661 7
0.331768 7
0.550042 4
0.693039 2
0.026359 56
1.807374 1
0.334284 1
1.255933 1
0.733236 1
1.054157 2
0.004537 111
1.459709 2
0.000058 19
0.341716 2
0.000071 25
0.383683 2
0.000099 25
0.403950 2
0.000074 11
1.209392 2
0.018188 56
47.806888 1
0.287305 1
0.453284 1
0.218414 1
0.205472 1
1.998866 2
0.002844 11
0.000150 56
8.445869 1
0.539529 1
0.184341 1
0.225864 1
3.159058 1
0.192930 1
0.380012 1
0.332281 1
2.347462 1
0.920905 1
0.583044 1
1.038537 1
1.827992 1
0.414968 1
0.209639 1
0.730837 1
0.572988 1
0.576813 1
0.445201 1
0.663484 1
0.511821 1
0.801848 1
0.414234 1
3.293107 2
0.059647 54
0.000078 2
0.000427 56
8.520959 1
0.637221 1
1.967869 1
1.439963 1
1.287051 1
0.464568 1
0.217154 1
0.478674 1
1.039057 31
1.867737 53
0.969370 2
0.003514 31
0.000245 56
6.612533 1
0.437013 1
0.494998 1
0.201197 1
0.298022 1
0.626557 2
0.001184 11
0.000419 56
0.362170 5
0.388354 13
0.496919 31
0.761536 4
0.499697 4
0.030868 4
0.031070 4
0.032255 4
0.031270 4
0.030073 4
0.029736 4
0.030251 4
0.037538 4
0.031714 4
0.030991 4
0.030732 4
0.032027 4
0.031591 4
0.031990 4
0.031027 4
0.031894 4
0.030969 4
0.030647 4
0.030212 4
0.031573 4
0.032144 4
0.030881 1
0.030430 1
0.030147 1
0.029724 1
0.031413 1
0.031192 1
0.029849 1
0.030824 1
0.431781 1
0.443033 1
0.606786 1
0.194054 1
0.648584 1
0.445477 1
0.249358 1
0.218490 1
1.603471 1
0.306704 1
0.471232 1
2.352094 2
0.430298 25
0.361503 946
3.393330 429
0.081651 33
0.000247 190
0.000359 309
0.071987 469
0.509282 33
0.000344 444
0.023305 23
0.000118 113
0.000188 146
0.000093 151
0.031518 33
0.000151 407
0.485460 33
0.000174 413
0.034460 33
0.000257 152
0.000789 17
0.000391 268
0.363467 33
0.000513 423
0.027641 17
0.000229 475
0.020278 17
0.000277 314
0.000296 149
0.013482 17
0.000044 16
0.000076 80
0.000101 33
0.000029 303
0.024265 504
0.024547 550
0.473483 471
0.015443 475
0.027031 189
0.000156 180
0.000411 179
0.024864 33
0.000064 417
0.018620 33
0.000264 475
0.364573 322
0.000236 152
0.027242 33
0.000167 425
0.012512 33
0.000481 393
0.014967 33
0.000455 415
0.016251 33
0.000410 496
4.290928 130
0.000118 329
0.025059 435
0.015508 33
0.000396 260
0.000417 33
0.000041 160
0.020427 33
0.000380 281
0.000654 33
0.000262 80
0.016249 23
0.000476 504
0.010620 33
0.000645 399
0.388473 312
0.000279 153
0.046749 33
0.000347 263
0.000519 33
0.000129 129
0.027547 17
0.000412 350
0.000949 33
0.000046 81
0.045087 33
0.000368 406
0.033644 33
0.000206 426
0.030063 33
0.000130 494
0.633463 137
0.000308 309
0.033456 147
0.000356 362
0.031026 147
0.000147 116
0.000771 33
0.000181 154
0.029339 33
0.000222 315
0.000085 153
0.043572 33
0.000171 478
0.467113 476
0.033240 184
0.000848 151
0.001002 114
0.015199 188
0.000742 192
0.000304 114
0.017432 183
0.000328 184
0.000310 114
0.027421 187
0.000152 187
0.000135 192
0.493184 488
0.027403 489
0.023309 179
0.000434 114
0.000341 184
0.020455 151
0.001310 302
0.077880 489
0.407193 485
0.019048 187
0.000292 192
0.000235 186
0.012038 114
0.000304 188
0.000238 192
0.022838 114
0.000284 171
0.000404 167
0.023176 457
0.518138 426
0.027427 180
0.000784 185
0.000617 186
0.026963 491
0.025901 277
0.000103 146
0.014981 433
0.030935 147
0.000203 114
0.000332 146
0.030903 549
1.100706 447
0.039539 149
0.000387 114
0.000469 219
0.016070 463
0.015358 186
0.000863 184
0.000630 165
0.014116 456
0.016749 478
0.031753 471
0.536175 487
0.028412 469
0.024521 584
0.010811 488
0.011794 495
0.012220 582
0.444595 310
0.000039 178
0.032784 411
0.023330 315
0.000050 81
0.019675 405
0.019120 411
0.025947 396
0.013555 322
0.000039 81
0.023316 402
4.321971 428
0.000070 168
0.011819 246
0.001211 324
0.022789 446
0.000056 97
0.020650 33
0.000518 565
0.016439 570
0.010675 396
0.000031 169
0.032088 451
0.053773 594
0.102146 163
0.000187 341
0.361880 511
0.011062 507
0.010278 571
0.012221 33
0.000060 334
0.000035 17
0.000013 146
0.014134 17
0.000085 146
0.000256 166
0.000503 33
0.000077 166
0.015421 33
0.000082 328
0.000097 130
0.041014 33
0.000062 147
0.000184 16
0.000099 318
0.759623 455
0.016030 486
0.011393 33
0.000121 385
0.000170 184
0.021104 23
0.000069 206
0.000177 311
0.008118 505
0.012171 500
0.031321 371
0.000056 171
0.028025 540
0.534580 536
0.057774 432
0.000253 97
0.039048 33
0.000174 422
0.000055 87
0.688202 200
0.000068 184
0.000242 113
0.031922 33
0.000079 162
0.000442 199
0.000475 130
0.031340 33
0.000276 509
0.025374 235
0.000606 378
0.024977 333
0.000202 200
0.019996 33
0.000395 296
0.000858 33
0.000328 175
0.037987 33
0.000511 468
0.603441 17
0.000298 508
0.011672 547
0.023158 543
0.025366 585
0.009985 557
0.024722 494
0.036006 507
0.055947 496
0.631861